african_great_lakes={
	location=4064
	color={
		57 168 220 
	}
	inland=yes
	outgoing={
		name="zanzibar"
		path={
			1273 1202 
		}
		control={
			3351.000000 607.000000 3388.000000 610.000000 3416.000000 580.000000 
		}
	}
	outgoing={
		name="kongo"
		path={
			4063 4070 4099 
		}
		control={
			3299.000000 628.000000 3287.000000 595.000000 3270.000000 574.000000 3260.000000 559.000000 3231.000000 537.000000 
		}
	}
	members={
		1273 1649 1798 1799 1925 4053 4054 4055 4056 4057 4058 4059 4060 4061 4062 4063 4064 4065 4066 4067 4068 4069 4070 4071 4072 4073 4074 4075 4076 4077 
	}
}
kongo={
	location=4097
	color={
		171 148 148 
	}
	inland=yes
	outgoing={
		name="ivory_coast"
		path={
			1170 1464 
		}
		control={
			3169.000000 587.000000 3115.000000 585.000000 3050.000000 593.000000 3007.000000 566.000000 2939.000000 618.000000 2930.000000 701.000000 
		}
	}
	outgoing={
		name="zambezi"
		path={
			4046 1191 1187 
		}
		control={
			3191.000000 456.000000 3231.000000 424.000000 3273.000000 399.000000 3319.139893 402.510010 
		}
	}
	members={
		798 1169 1170 1901 2948 2949 4081 4082 4083 4084 4085 4086 4087 4088 4089 4090 4091 4092 4093 4094 4095 4096 4107 4098 4100 4101 4102 4103 4097 4099 4105 4109 
	}
}
zambezi={
	location=1191
	color={
		32 164 51 
	}
	inland=yes
	outgoing={
		name="zanzibar"
		path={
			1192 1195 1196 
		}
		control={
			3369.000000 358.000000 3436.000000 414.000000 3412.000000 515.000000 
		}
	}
	members={
		1184 1185 1187 1188 1189 1190 1191 2950 2951 2952 4034 4035 4036 4037 4038 4039 4040 4041 4042 4043 4044 4045 4046 4047 4048 4050 4104 4106 4108 
	}
}
california={
	location=2021
	outgoing={
		name="mexico"
		path={
			1556 1555 1554 1552 1551 
		}
		control={
			849.000000 1492.000000 937.000000 1375.000000 1027.000000 1241.000000 1152.000000 1160.000000 
		}
	}
	outgoing={
		name="mississippi_river"
		path={
			872 873 2019 2020 2006 2008 903 902 900 895 2014 893 1507 
		}
		control={
			878.000000 1607.000000 896.000000 1634.000000 967.000000 1660.000000 1034.000000 1632.000000 1116.000000 1656.000000 1204.000000 1615.000000 1288.000000 1591.000000 1368.163940 1532.114014 1396.000000 1494.000000 1374.000000 1432.000000 1358.000000 1397.000000 1369.000000 1363.000000 
		}
	}
	members={
		868 867 876 875 870 869 871 2021 2476 2477 2478 2479 2480 2491 2493 4638 4637 4636 4635 4634 865 866 2620 4639 4577 2616 4650 862 4649 877 4633 979 978 977 976 975 974 972 2022 2609 2610 2611 2612 2613 2481 2482 2483 872 2019 2020 2489 2490 2486 2487 2488 873 2484 2485 874 2604 2605 2606 2607 2003 973 2494 878 879 2492 881 2495 4631 4632 880 2496 4630 882 
	}
}
mississippi_river={
	location=1507
	outgoing={
		name="carribean_trade"
		path={
			1506 1505 1525 1516 
		}
		control={
			1494.000000 1317.000000 1541.000000 1254.000000 1607.000000 1231.000000 
		}
	}
	outgoing={
		name="chesapeake_bay"
		path={
			2533 4879 953 
		}
		control={
			1470.000000 1373.000000 1514.000000 1458.000000 
		}
	}
	members={
		893 894 895 897 899 900 915 916 918 919 920 921 942 943 896 917 909 906 898 901 903 907 908 905 904 902 944 945 914 913 912 911 910 1809 2006 2007 2008 2009 2014 2016 2501 2502 2503 2504 2505 2506 2507 2508 2509 2510 2511 2512 2513 2514 2515 2516 2517 2518 2519 2520 2521 2522 2523 2524 2528 2529 2530 2625 2672 922 923 2533 2532 2531 924 925 934 939 940 4883 4913 4921 4910 4911 4909 884 888 2665 887 2669 889 890 892 891 886 2500 883 4627 885 2497 4884 4885 4886 4887 4898 4899 4900 4901 4902 4903 4904 4905 4906 4908 4914 4915 4916 4917 4918 4922 4923 1507 
	}
}
mexico={
	location=1551
	color={
		0 176 0 
	}
	outgoing={
		name="carribean_trade"
		path={
			847 848 1510 1511 1512 1518 1516 
		}
		control={
			1313.000000 1105.000000 1323.000000 1142.000000 1336.000000 1183.000000 1378.000000 1226.000000 1435.000000 1236.000000 1499.000000 1202.000000 1563.000000 1197.000000 1600.000000 1177.000000 1623.000000 1171.000000 1637.000000 1165.000000 
		}
	}
	outgoing={
		name="panama"
		path={
			1550 1549 1548 835 
		}
		control={
			1287.000000 1087.000000 1382.000000 1072.000000 1451.000000 1020.000000 1501.000000 986.000000 1537.000000 972.000000 1562.000000 994.000000 
		}
	}
	members={
		863 864 859 860 861 855 856 858 857 854 851 853 849 850 848 847 844 852 846 845 843 842 841 840 839 2498 2499 2614 2615 2617 2618 2619 2621 2622 2623 2624 2626 2627 2628 2629 2630 2631 2632 2633 2634 2635 2636 2637 2638 2640 2641 2642 2643 2644 2645 2646 2647 2648 2649 2650 2651 2652 2653 2657 2662 2666 2667 2668 4628 4629 4606 4644 4646 4648 4647 4645 4643 4642 4578 4640 4576 4579 4580 4575 4574 4573 4641 4572 4571 4570 4581 4583 4598 4582 4584 4585 4586 4587 4594 4589 4588 4590 4591 4593 1551 
	}
}
siberia={
	location=1064
	inland=yes
	outgoing={
		name="muscovy"
		path={
			1062 1064 480 479 472 475 1082 
		}
		control={
			4084.209961 1695.109985 3879.000000 1758.000000 3747.000000 1734.000000 3680.000000 1719.000000 3624.000000 1694.000000 3576.000000 1657.000000 3531.000000 1650.000000 3461.000000 1637.000000 3417.000000 1648.000000 
		}
	}
	outgoing={
		name="astrakhan"
		path={
			2354 474 
		}
		control={
			3940.000000 1575.000000 3788.000000 1551.000000 3719.000000 1543.000000 3612.000000 1544.000000 
		}
	}
	outgoing={
		name="samarkand"
		path={
			480 478 477 1969 457 454 
		}
		control={
			4161.000000 1597.000000 4058.000000 1443.000000 3976.000000 1372.000000 3892.000000 1348.000000 
		}
	}
	members={
		1782 1781 1071 479 1054 1059 1061 1062 1063 1064 1067 1068 1070 480 1069 1073 1074 1080 1078 1075 1076 2357 2369 2427 2428 2429 2430 2431 2432 2433 2434 2436 2437 2442 2443 2445 1072 1780 1045 2435 1051 2441 2354 716 1065 1066 1060 4679 4686 4687 4688 4689 4690 4691 4692 
	}
}
lahore={
	location=449
	color={
		63 150 30 
	}
	inland=yes
	outgoing={
		name="samarkand"
		path={
			578 451 450 453 454 
		}
		control={
			3852.000000 1210.000000 3877.000000 1222.000000 3866.000000 1243.000000 3831.000000 1274.000000 
		}
	}
	outgoing={
		name="persia"
		path={
			578 451 450 446 2221 2235 2214 
		}
		control={
			3823.000000 1197.000000 3799.000000 1193.000000 3772.000000 1191.000000 3776.000000 1217.000000 3757.000000 1247.000000 3691.000000 1246.000000 3669.000000 1263.000000 
		}
	}
	members={
		1785 1787 2200 508 2073 2074 4449 4521 507 2075 2076 4510 4513 506 2079 2086 4508 4509 2077 2078 4511 510 2065 4411 4463 576 577 2068 448 451 452 578 2226 447 449 2225 450 2227 2228 435 2224 2229 2230 446 4324 4325 444 445 2350 
	}
}
katsina={
	location=1149
	color={
		215 56 56 
	}
	inland=yes
	outgoing={
		name="timbuktu"
		path={
			1148 2273 2269 1133 2262 1132 
		}
		control={
			2899.000000 875.000000 2892.000000 894.000000 2852.000000 890.000000 2806.000000 912.000000 2790.000000 927.000000 
		}
	}
	outgoing={
		name="barbary_coast"
		path={
			2277 2475 4567 2457 350 
		}
		control={
			2986.000000 917.000000 3014.000000 1025.000000 2997.000000 1145.000000 2881.000000 1188.000000 
		}
	}
	outgoing={
		name="ethiopia"
		path={
			2800 2772 
		}
		control={
			3011.000000 843.000000 3129.000000 858.000000 3245.860107 862.010010 3315.000000 898.000000 3333.000000 880.000000 3331.300049 866.299988 3355.000000 858.000000 
		}
	}
	members={
		1144 1146 1162 1145 1152 1153 1150 1154 1155 1156 1157 1158 1160 1161 1249 1149 1148 2273 2272 2274 2275 2276 2277 2278 2279 2280 2281 2282 2283 2284 2285 2286 2287 2288 2293 2475 1159 
	}
}
ethiopia={
	location=2772
	inland=yes
	outgoing={
		name="alexandria"
		path={
			1232 2321 361 358 
		}
		control={
			3350.000000 1051.000000 
		}
	}
	outgoing={
		name="gulf_of_aden"
		path={
			1213 1211 1212 4346 
		}
		control={
			3454.000000 793.000000 3486.000000 822.000000 3567.000000 840.000000 
		}
	}
	members={
		774 1217 1218 1222 1228 2756 2757 2758 2759 2760 2761 2762 2763 2772 2791 2778 2785 2797 2766 2767 2769 2770 2771 2779 2780 2781 1224 1213 1223 1214 1216 1221 2800 2801 2802 1229 1225 1226 1227 1220 1207 1208 1210 2798 2799 1219 2776 2932 4033 4158 2777 4051 4052 1234 2322 2323 
	}
}
gulf_of_aden={
	location=4346
	outgoing={
		name="zanzibar"
		path={
			1446 1447 1448 
		}
		control={
			3619.000000 810.000000 3602.000000 764.000000 3521.500000 652.000000 
		}
	}
	outgoing={
		name="alexandria"
		path={
			1330 1329 1328 361 358 
		}
		control={
			3519.000000 841.000000 3465.000000 874.500000 3370.000000 1051.000000 3329.000000 1110.000000 3317.000000 1130.000000 3304.000000 1146.000000 3284.000000 1143.000000 
		}
	}
	outgoing={
		name="hormuz"
		path={
			1332 1333 1334 
		}
		control={
			3663.000000 915.000000 3763.000000 1013.000000 
		}
	}
	members={
		2324 2775 2782 2783 2786 2788 2789 2790 2793 2794 2795 2024 1205 1206 1209 1212 1215 1230 2765 2773 2792 2784 1211 2764 2787 1232 1331 1779 2768 401 2341 2342 402 1099 4284 387 2346 4279 390 2344 4281 388 2345 4280 386 391 4282 389 2343 4283 1328 1329 1330 4333 4346 385 2331 2332 4277 4278 384 2329 2330 
	}
}
hormuz={
	location=1334
	outgoing={
		name="basra"
		path={
			2219 1335 
		}
		control={
			3687.000000 1082.000000 3650.000000 1073.000000 
		}
	}
	members={
		397 398 404 2333 432 2220 2234 4345 434 575 2231 2232 2233 430 2219 2223 4332 2218 4329 4330 4331 403 4285 4287 399 400 4286 431 2999 4327 1332 1334 1335 4347 
	}
}
zanzibar={
	location=1448
	color={
		130 17 17 
	}
	outgoing={
		name="cape_of_good_hope"
		path={
			1449 1456 1457 1458 1459 1460 
		}
		control={
			3492.000000 449.000000 3452.000000 374.500000 3388.000000 270.000000 3347.500000 175.000000 3233.000000 73.500000 
		}
	}
	members={
		1448 788 1100 1102 1103 1183 1186 1192 1193 1194 1195 1196 1197 1198 1199 1200 1201 1202 1203 1204 1792 2796 2774 4020 4021 4022 4023 4024 4025 4026 4027 4028 4029 4030 4031 4032 4049 
	}
}
cape_of_good_hope={
	location=1460
	outgoing={
		name="ivory_coast"
		path={
			1461 1462 1463 1464 1465 1466 
		}
		control={
			3032.600098 172.000000 2973.000000 355.000000 2999.000000 503.600006 2933.000000 610.000000 2916.600098 697.599976 
		}
	}
	members={
		1460 789 833 1175 1176 1177 1178 1179 1180 1181 1182 1173 1800 2856 2864 2880 4781 4782 4783 4784 5959 5960 5961 5962 5963 5964 5965 5966 5967 5968 5969 5970 5971 5972 5973 5974 5975 
	}
}
basra={
	location=1335
	outgoing={
		name="aleppo"
		path={
			408 409 406 382 377 
		}
		control={
			3542.000000 1156.000000 3501.000000 1170.000000 3487.000000 1204.000000 3448.000000 1222.000000 3423.000000 1245.000000 
		}
	}
	members={
		1335 412 2217 4289 4290 4342 394 395 396 2340 2347 393 2338 4272 392 2337 4273 4274 2335 2336 2339 4275 408 2311 2312 4288 406 409 410 2310 4291 2334 4276 
	}
}
samarkand={
	location=454
	inland=yes
	outgoing={
		name="persia"
		path={
			442 441 438 437 427 426 
		}
		control={
			3820.000000 1295.000000 3781.000000 1294.000000 3744.000000 1293.000000 3696.000000 1301.000000 3672.000000 1286.000000 3649.000000 1263.000000 
		}
	}
	outgoing={
		name="astrakhan"
		path={
			442 440 443 470 465 464 
		}
		control={
			3824.000000 1312.000000 3774.000000 1329.000000 3728.000000 1356.000000 3682.000000 1386.000000 3657.000000 1444.000000 3610.000000 1470.000000 
		}
	}
	members={
		440 441 442 453 454 455 456 457 459 476 477 1967 1969 1970 1973 461 478 2126 2370 2362 2363 2356 2364 2368 2355 2360 2361 2358 2352 2351 2353 2359 458 2125 460 739 2124 2127 4209 4210 1968 4344 4343 4685 710 1786 707 711 714 719 1784 2118 2119 2123 2189 2190 2194 2182 2122 4206 4207 717 721 2116 4219 4220 720 2193 4221 713 715 2120 4208 718 2117 4222 712 2121 2192 4673 4666 4667 723 4669 4668 4681 4683 4682 4678 4677 4680 4684 4693 437 438 439 443 2349 
	}
}
persia={
	location=4341
	color={
		204 119 31 
	}
	inland=yes
	outgoing={
		name="basra"
		path={
			414 412 
		}
		control={
			3586.000000 1253.000000 3570.000000 1215.000000 3546.000000 1180.000000 
		}
	}
	outgoing={
		name="astrakhan"
		path={
			2349 439 
		}
		control={
			3601.000000 1361.000000 
		}
	}
	members={
		436 4334 4336 2221 2235 2236 4326 417 426 2214 4339 4341 427 428 2213 2216 4337 429 433 2222 4335 4171 416 2206 2207 4304 2212 2215 4300 4338 4177 4170 4172 4179 415 2211 4293 4294 413 414 2209 2210 
	}
}
aleppo={
	location=377
	color={
		202 150 172 
	}
	outgoing={
		name="constantinople"
		path={
			1317 1848 322 317 1320 
		}
		control={
			3308.000000 1243.000000 3264.000000 1243.000000 3222.000000 1267.000000 3204.000000 1303.000000 3216.000000 1324.000000 3229.000000 1334.000000 
		}
	}
	outgoing={
		name="alexandria"
		path={
			1316 1315 358 
		}
		control={
			3353.000000 1241.000000 3335.000000 1200.000000 3284.000000 1180.000000 
		}
	}
	members={
		418 2306 2307 4295 4296 377 1849 2313 4298 378 382 1855 4297 407 411 2309 2314 4292 332 2303 2308 4310 405 4270 4271 
	}
}
alexandria={
	location=358
	color={
		200 200 102 
	}
	outgoing={
		name="constantinople"
		path={
			362 363 1316 1932 318 317 1320 
		}
		control={
			3272.000000 1172.000000 3275.000000 1197.000000 3266.000000 1216.000000 3236.000000 1243.000000 3203.000000 1286.000000 3203.000000 1310.000000 3216.000000 1324.000000 3229.000000 1334.000000 
		}
	}
	outgoing={
		name="rome"
		path={
			1314 1313 1307 
		}
		control={
			3180.000000 1204.000000 3097.000000 1211.000000 3052.000000 1279.000000 3046.000000 1298.000000 3009.000000 1330.000000 
		}
	}
	outgoing={
		name="barbary_coast"
		path={
			2326 357 356 355 2451 353 2453 2458 
		}
		control={
			3229.000000 1162.000000 3196.000000 1163.000000 3144.000000 1186.000000 3112.000000 1144.000000 3054.000000 1161.000000 3014.000000 1184.000000 2969.000000 1191.000000 2906.000000 1202.000000 
		}
	}
	members={
		364 379 1854 383 2328 4268 4269 380 381 2327 365 2315 2320 2321 1233 2318 4323 358 362 363 361 2316 4316 4317 359 2317 4318 360 1231 2319 4319 4320 356 357 2325 2326 4321 4322 
	}
}
astrakhan={
	location=464
	inland=yes
	outgoing={
		name="muscovy"
		path={
			466 303 1081 1082 
		}
		control={
			3547.000000 1459.000000 3529.000000 1478.000000 3502.000000 1490.000000 3492.000000 1501.000000 3480.000000 1509.000000 3452.000000 1508.000000 3427.000000 1522.000000 3406.000000 1575.000000 3415.000000 1621.000000 3397.000000 1634.000000 
		}
	}
	outgoing={
		name="crimea"
		path={
			468 287 1323 
		}
		control={
			3423.000000 1460.000000 3382.000000 1440.000000 3373.000000 1413.000000 3339.000000 1400.000000 
		}
	}
	members={
		288 303 465 467 469 470 474 1971 2365 2367 2366 2409 2418 2419 472 471 464 466 468 2416 2417 302 304 2415 473 1081 2423 475 1965 1966 2420 2444 
	}
}
caucasus={
	location=423
	color={
		30 89 38 
	}
	outgoing={
		name="astrakhan"
		path={
			2201 2208 
		}
		control={
			3495.000000 1383.000000 
		}
	}
	outgoing={
		name="anatolia"
		path={
			2204 329 
		}
		control={
			3460.000000 1347.000000 3416.000000 1335.000000 3380.000000 1343.000000 
		}
	}
	outgoing={
		name="persia"
		path={
			420 421 426 
		}
		control={
			3529.000000 1304.000000 3562.000000 1321.000000 
		}
	}
	members={
		2195 463 2197 2201 1856 462 422 2196 4303 2204 4302 4301 2203 423 419 420 2205 2202 424 4340 421 4299 4305 425 4306 2198 2208 2199 
	}
}
crimea={
	location=1322
	color={
		59 158 125 
	}
	outgoing={
		name="kiev"
		path={
			284 282 281 280 
		}
		control={
			3307.169922 1429.410034 3297.000000 1470.000000 3290.000000 1506.000000 
		}
	}
	outgoing={
		name="constantinople"
		path={
			1322 1321 1320 
		}
		control={
			3314.000000 1403.000000 3279.000000 1379.500000 
		}
	}
	outgoing={
		name="pest"
		path={
			4706 2998 4531 160 2746 156 1954 155 
		}
		control={
			3268.000000 1423.000000 3248.000000 1426.000000 3241.000000 1408.000000 3226.000000 1404.000000 3208.000000 1394.000000 3174.000000 1397.000000 3157.000000 1408.000000 3163.000000 1414.000000 3156.000000 1419.000000 3132.000000 1417.000000 3125.000000 1426.000000 3121.000000 1444.000000 3124.000000 1449.000000 3119.000000 1458.000000 
		}
	}
	members={
		268 1323 1322 282 1974 2406 286 287 2413 2414 284 285 2410 2447 283 2411 2412 1756 2405 4529 4530 
	}
}
constantinople={
	location=151
	color={
		133 64 94 
	}
	outgoing={
		name="ragusa"
		path={
			149 1765 1766 138 137 
		}
		control={
			3223.000000 1354.000000 3197.000000 1346.000000 3164.000000 1348.000000 3149.000000 1355.000000 3110.000000 1343.000000 
		}
	}
	members={
		1320 149 151 1764 150 159 1765 2746 2750 164 320 1319 2348 3003 4700 4703 4704 4705 4706 4779 148 4702 3001 4780 1853 4698 142 144 4699 147 146 4701 1773 145 163 
	}
}
anatolia={
	location=326
	color={
		126 203 120 
	}
	outgoing={
		name="constantinople"
		path={
			4312 317 
		}
		control={
			3305.000000 1316.000000 3301.000000 1324.000000 3284.000000 1324.000000 3275.000000 1328.000000 3268.000000 1341.000000 
		}
	}
	outgoing={
		name="aleppo"
		path={
			2301 327 
		}
		control={
			3321.000000 1291.000000 3336.000000 1273.000000 3355.000000 1267.000000 3369.000000 1269.000000 
		}
	}
	members={
		2298 319 4309 318 2297 2296 317 316 1848 4311 4308 322 4312 326 4313 2299 325 328 2304 4314 2300 1846 4315 329 321 327 2302 324 2301 4307 323 2305 331 330 
	}
}
kiev={
	location=280
	inland=yes
	outgoing={
		name="novgorod"
		path={
			278 292 275 311 310 
		}
		control={
			3260.000000 1570.000000 3296.500000 1603.000000 3290.500000 1651.000000 3300.000000 1680.000000 
		}
	}
	outgoing={
		name="krakow"
		path={
			279 260 262 
		}
		control={
			3221.000000 1531.000000 3171.000000 1539.000000 
		}
	}
	members={
		272 279 281 770 1937 1943 2962 277 278 1941 291 298 299 2408 293 297 4244 4245 280 1942 1944 4247 289 290 1945 2407 292 771 4246 276 4115 4242 4538 4537 4536 4535 4545 4544 4540 4539 4542 4543 269 1936 270 4534 271 
	}
}
muscovy={
	location=295
	inland=yes
	color={
		227 195 107
	}
	outgoing={
		name="novgorod"
		path={
			306 307 308 312 310 
		}
		control={
			3378.000000 1660.000000 3355.000000 1664.000000 3310.000000 1701.000000 3299.000000 1713.000000 
		}
	}
	members={
		306 1079 1083 1957 2421 4265 4267 1082 2422 4264 305 1962 1972 4266 314 4262 4263 1077 1755 1963 1964 4129 296 300 4116 295 4251 4252 301 1778 4255 307 4147 4253 1754 1956 4254 294 1752 4243 4248 4249 308 1753 4117 4250 
	}
}
novgorod={
	location=33
	color={
		97 126 37 
	}
	outgoing={
		name="baltic_sea"
		path={
			34 36 1926 
		}
		control={
			3262.000000 1736.000000 3194.000000 1730.000000 3156.000000 1720.000000 
		}
	}
	members={
		32 309 4124 33 34 1961 274 275 1960 4148 310 311 1959 2749 4260 312 4259 4261 6037 1652 1777 2426 1955 4122 4256 4257 313 1776 1958 4258 6034 6035 6036 6038 
	}
}
laplata={
	location=1536
	outgoing={
		name="brazil"
		path={
			1535 1534 1533 1532 1531 
		}
		control={
			2001.000000 329.000000 2074.000000 414.000000 2144.000000 481.000000 2213.000000 579.000000 
		}
	}
	outgoing={
		name="lima"
		path={
			790 801 
		}
		control={
			1831.000000 412.000000 
		}
	}
	members={
		780 781 782 786 2863 2868 2869 2870 2875 2876 785 2843 2844 2845 2847 2867 2871 2872 2877 779 2860 2861 2865 2866 777 778 2846 2848 2849 2853 2855 2858 2859 791 794 2836 2837 2839 2842 790 2854 2878 772 773 2850 2851 2852 783 784 787 792 2841 2862 2873 2874 2857 2879 2884 2887 2025 1095 1536 
	}
}
lima={
	location=809
	outgoing={
		name="panama"
		path={
			1545 1546 1547 1548 835 
		}
		control={
			1528.000000 687.000000 1486.000000 807.000000 1521.000000 913.000000 1551.000000 972.000000 
		}
	}
	members={
		795 797 800 801 802 803 2831 2832 2833 2834 2835 2838 2940 2941 2942 2946 2947 804 805 809 810 811 812 813 814 2821 2822 2823 2824 2825 2826 2827 2943 806 807 808 2828 2829 2830 2944 2945 2900 2901 2902 815 816 817 818 819 820 821 2820 796 793 2840 2002 
	}
}
brazil={
	location=1531
	outgoing={
		name="ivory_coast"
		path={
			1596 1597 1586 1585 1466 
		}
		control={
			2333.000000 600.000000 2480.000000 657.000000 2624.000000 550.000000 2788.000000 549.000000 
		}
	}
	members={
		759 765 2891 2892 2894 2898 2899 758 2906 2907 2908 2909 2910 2911 2919 2881 2888 2893 2903 2904 2905 2920 766 768 769 2895 2896 2897 762 763 764 756 757 760 761 2914 2916 750 751 753 754 755 2885 2912 2913 2915 2917 2918 2921 2922 749 752 2886 2923 2924 2925 2926 2927 748 2890 2928 2929 775 776 799 2882 2883 1531 
	}
}
timbuktu={
	location=1132
	inland=yes
	outgoing={
		name="barbary_coast"
		path={
			1129 1128 1127 349 2463 
		}
		control={
			2757.000000 966.000000 2740.000000 1041.000000 2739.000000 1135.000000 2783.000000 1201.000000 
		}
	}
	outgoing={
		name="ivory_coast"
		path={
			2263 1135 2252 2255 2257 1466 
		}
		control={
			2764.000000 887.000000 2769.000000 881.000000 2755.000000 822.000000 2755.000000 770.000000 2773.000000 750.000000 
		}
	}
	members={
		1115 2237 2240 1122 1125 2251 1135 1137 2265 2266 1136 2256 2267 2252 2253 2254 2255 1138 2247 1120 1121 1124 1123 1131 1132 1134 1133 1142 2243 2244 2245 2246 2248 2249 2250 2259 2260 2261 2262 2263 2264 2268 2269 2270 1127 1128 1129 1130 2271 1140 1143 2291 2292 2295 
	}
}
ivory_coast={
	location=1466
	outgoing={
		name="bordeaux"
		path={
			1467 1468 1470 1471 1566 1563 
		}
		control={
			2693.000000 675.000000 2498.000000 819.000000 2482.000000 1053.000000 2488.000000 1226.000000 2589.000000 1369.000000 
		}
	}
	outgoing={
		name="lowlands"
		path={
			1467 1468 1470 1471 1566 1563 
		}
		control={
			2698.000000 664.000000 2487.000000 781.000000 2447.000000 1068.000000 2433.000000 1258.000000 2599.000000 1456.000000 2758.000000 1507.000000 2845.000000 1549.000000 
		}
	}
	outgoing={
		name="english_channel"
		path={
			1467 1468 1096 1579 1578 367 1563 1288 1285 239 237 
		}
		control={
			2704.000000 652.000000 2502.000000 729.000000 2425.000000 906.000000 2408.000000 1073.000000 2385.000000 1162.000000 2396.000000 1291.000000 2536.000000 1466.000000 2659.000000 1529.000000 2719.000000 1545.000000 2755.000000 1544.000000 2771.000000 1554.000000 
		}
	}
	outgoing={
		name="sevilla"
		path={
			1467 1468 1470 1471 1566 1563 
		}
		control={
			2702.000000 692.000000 2568.000000 783.000000 2516.000000 940.000000 2548.000000 1064.000000 2617.000000 1127.000000 2641.000000 1223.000000 
		}
	}
	members={
		1164 1165 1166 1096 1793 2241 1466 1097 1098 1118 1119 1151 1163 2242 1168 1306 4078 4079 4080 1126 1139 1141 2257 2258 1147 2289 2290 2294 1111 1112 1113 1116 2239 1114 1117 2238 1167 1171 1172 1174 
	}
}
barbary_coast={
	location=338
	color={
		146 134 57 
	}
	outgoing={
		name="valencia"
		path={
			1301 333 
		}
		control={
			2856.000000 1284.500000 
		}
	}
	outgoing={
		name="rome"
		path={
			339 1882 2455 1302 1303 
		}
		control={
			2883.000000 1255.000000 2907.000000 1264.000000 2950.000000 1263.000000 2968.000000 1287.000000 2978.000000 1340.000000 
		}
	}
	outgoing={
		name="sevilla"
		path={
			2461 337 4562 335 4561 1751 
		}
		control={
			2830.000000 1268.000000 2799.000000 1253.000000 2775.000000 1245.000000 2753.000000 1244.000000 2737.000000 1245.000000 
		}
	}
	members={
		355 339 340 341 350 351 352 353 354 1882 2448 2449 2450 2451 2452 2453 2454 2455 2456 2457 2458 2472 2473 2474 2954 4566 4567 344 345 346 347 348 1110 2460 2464 2466 2467 2468 2469 2470 342 343 349 2459 2462 2463 336 337 338 2461 2465 4564 4562 4568 4563 334 1751 4561 335 
	}
}
ragusa={
	location=137
	color={
		120 157 194 
	}
	outgoing={
		name="pest"
		path={
			1831 3002 4755 4173 4126 
		}
		control={
			3105.000000 1405.000000 3106.000000 1427.000000 3101.000000 1441.000000 
		}
	}
	outgoing={
		name="po_valley"
		path={
			136 1308 
		}
		control={
			3055.000000 1372.000000 3009.000000 1413.000000 
		}
	}
	outgoing={
		name="rome"
		path={
			2985 120 
		}
		control={
			3051.000000 1354.000000 3021.000000 1367.000000 
		}
	}
	members={
		137 138 139 140 141 143 1766 1827 1831 3000 3002 4174 4175 4176 131 1828 136 1826 4239 4750 4752 4753 4754 4755 4757 130 4738 1769 129 4751 
	}
}
pest={
	location=153
	color={
		172 95 81 
	}
	inland=yes
	outgoing={
		name="wien"
		path={
			4240 135 
		}
		control={
			3092.000000 1474.000000 
		}
	}
	outgoing={
		name="krakow"
		path={
			1318 2960 
		}
		control={
			3116.000000 1492.000000 3122.000000 1501.000000 3123.000000 1510.000000 
		}
	}
	members={
		135 153 1864 4126 4240 155 1953 1954 4125 154 162 1318 1772 4236 157 158 1952 4127 156 1951 4128 152 1767 4173 4756 160 161 2998 4531 4532 
	}
}
krakow={
	location=262
	inland=yes
	outgoing={
		name="wien"
		path={
			263 4726 265 1770 
		}
		control={
			3106.000000 1520.000000 3084.000000 1516.000000 3077.000000 1508.000000 3070.000000 1500.000000 3061.000000 1494.000000 
		}
	}
	outgoing={
		name="rheinland"
		path={
			263 264 1763 
		}
		control={
			3083.000000 1532.000000 3069.000000 1548.000000 3034.000000 1562.000000 
		}
	}
	outgoing={
		name="baltic_sea"
		path={
			258 255 1859 43 1927 1926 
		}
		control={
			3097.000000 1544.000000 3089.000000 1554.000000 3095.000000 1580.000000 3096.000000 1605.000000 3118.000000 1637.000000 
		}
	}
	members={
		258 259 260 261 262 263 264 1940 256 257 1938 1939 254 255 2424 2959 2960 2961 2966 4238 2963 1859 4523 4524 4526 4528 4525 4527 4533 4541 4723 2997 43 1841 1859 2958 42 767 41 40 
	}
}
wien={
	location=134
	color={
		220 220 220 
	}
	inland=yes
	outgoing={
		name="rheinland"
		path={
			133 64 1757 67 66 79 1876 
		}
		control={
			3033.000000 1484.000000 3006.000000 1499.000000 2992.000000 1505.000000 2984.000000 1509.000000 2978.000000 1514.000000 2960.000000 1513.000000 2947.000000 1514.000000 
		}
	}
	outgoing={
		name="swabia"
		path={
			4762 4761 4760 76 4707 73 4710 
		}
		control={
			3047.000000 1478.000000 3031.000000 1477.000000 3017.000000 1479.000000 3007.000000 1470.000000 2996.000000 1473.000000 2979.000000 1463.000000 
		}
	}
	members={
		64 65 76 128 132 133 134 1757 1770 1863 2955 2956 2957 73 110 1768 4707 4708 4709 4758 4759 4760 4761 4762 265 4237 4726 2968 4725 4724 2970 266 267 1771 2967 
	}
}
baltic_sea={
	location=1926
	color={
		8 82 165 
	}
	outgoing={
		name="lubeck"
		path={
			1255 1257 45 
		}
		control={
			3089.000000 1696.000000 3072.000000 1648.000000 3044.000000 1636.000000 3015.000000 1620.000000 2984.000000 1605.000000 
		}
	}
	members={
		1926 1 2 3 4 5 1985 8 9 11 18 19 25 27 28 29 31 35 37 38 39 273 1930 1935 4113 4114 4123 4152 4166 36 1834 1842 4241 6008 6009 6010 6011 6012 6013 6014 6015 6016 6017 6018 6019 6020 6021 6022 6023 6024 6025 6026 6027 30 4151 16 4164 7 4163 26 6 4165 1982 
	}
}
rheinland={
	location=1876
	color={
		114 171 184 
	}
	inland=yes
	outgoing={
		name="lowlands"
		path={
			83 84 2975 99 98 
		}
		control={
			2928.000000 1531.000000 2915.000000 1541.000000 2907.000000 1550.000000 2902.000000 1564.000000 
		}
	}
	outgoing={
		name="lubeck"
		path={
			1762 57 53 1857 45 
		}
		control={
			2954.000000 1549.000000 2966.000000 1562.000000 2962.000000 1579.000000 2972.000000 1591.500000 
		}
	}
	members={
		56 78 79 80 81 82 83 84 85 86 1760 1876 1878 2973 2975 2972 1762 66 67 4718 4715 4716 4717 71 69 4768 4774 4775 49 50 57 62 63 1758 51 60 61 1759 1763 52 58 59 2964 2965 2971 2969 2993 4741 4742 4743 4744 4747 4748 4773 4778 
	}
}
panama={
	location=835
	outgoing={
		name="carribean_trade"
		path={
			1515 1517 1516 
		}
		control={
			1586.000000 1044.000000 1607.000000 1125.000000 
		}
	}
	outgoing={
		name="brazil"
		path={
			4599 2804 2934 2890 749 
		}
		control={
			1619.000000 1002.000000 1843.000000 969.000000 1870.000000 811.000000 2024.000000 855.000000 
		}
	}
	members={
		822 823 824 825 826 827 832 2812 2814 2815 2816 2817 2818 835 836 838 2660 2663 2664 2819 828 829 2806 741 742 830 831 834 2803 2805 2807 2808 2809 2810 2811 2813 2939 2931 743 744 745 2937 2804 746 4592 4597 4595 4596 4599 4600 4601 4602 4610 4603 4614 4611 4609 4612 4613 4608 4607 4617 4605 4604 4615 4616 502 837 2661 2938 747 2935 2930 2934 2933 2889 
	}
}
carribean_trade={
	location=1516
	outgoing={
		name="chesapeake_bay"
		path={
			1524 1503 1502 1501 1500 
		}
		control={
			1649.000000 1207.000000 1619.000000 1236.000000 1604.000000 1280.000000 1606.000000 1312.000000 1587.000000 1389.000000 1635.000000 1447.000000 
		}
	}
	outgoing={
		name="bordeaux"
		path={
			488 490 1526 1575 1583 1580 1567 1563 
		}
		control={
			1688.000000 1208.000000 1885.000000 1217.000000 2082.000000 1253.000000 2210.000000 1293.000000 2311.000000 1330.000000 2443.000000 1400.000000 
		}
	}
	outgoing={
		name="sevilla"
		path={
			488 490 1526 1575 1583 1580 1567 1563 
		}
		control={
			1684.000000 1121.000000 1844.000000 1108.000000 1899.000000 1143.000000 2019.000000 1171.000000 2253.000000 1245.000000 2391.000000 1282.000000 2456.000000 1325.000000 
		}
	}
	members={
		482 483 484 485 486 487 488 489 490 491 492 493 494 495 496 497 498 499 500 501 1881 2654 2655 2656 2658 2659 4624 4622 4623 4619 4618 4620 4621 1516 
	}
}
chesapeake_bay={
	location=1500
	color={
		193 26 14 
	}
	outgoing={
		name="st_lawrence"
		path={
			965 963 969 2012 986 1490 
		}
		control={
			1652.000000 1564.000000 1650.000000 1588.000000 1672.000000 1621.000000 1690.000000 1656.000000 1754.000000 1702.000000 
		}
	}
	outgoing={
		name="bordeaux"
		path={
			1570 1572 1582 1568 1564 1563 
		}
		control={
			1738.000000 1507.000000 1853.000000 1376.000000 2056.000000 1373.000000 2207.000000 1463.000000 2363.000000 1561.000000 
		}
	}
	members={
		929 931 932 933 935 936 937 938 949 950 951 952 953 954 955 956 957 958 962 963 965 966 967 968 970 971 926 927 928 930 941 948 947 946 959 960 961 964 969 2010 2011 2013 2023 2525 2526 2527 2534 2535 2536 2537 2538 2539 2540 2541 2542 2543 2544 2545 2546 2547 2548 2549 2550 2551 2552 2553 2554 2555 2556 2557 2558 2559 2560 2561 2562 2563 2564 2565 2566 2567 2639 4626 4625 4871 4872 4873 4874 4875 4876 4877 4878 4879 4880 4881 4882 4888 4889 4907 4912 1500 
	}
}
st_lawrence={
	location=1490
	color={
		193 192 14 
	}
	outgoing={
		name="north_sea"
		path={
			1493 1496 1497 1498 1478 1476 1282 1975 
		}
		control={
			1873.000000 1718.000000 1906.000000 1756.000000 1952.000000 1779.000000 2050.000000 1772.000000 2577.000000 1737.000000 2696.139893 1734.630005 2763.000000 1737.000000 2781.000000 1703.000000 
		}
	}
	outgoing={
		name="bordeaux"
		path={
			1491 1494 1495 1565 1564 1479 1563 
		}
		control={
			1870.000000 1686.000000 1923.000000 1630.000000 2041.000000 1632.000000 2178.000000 1627.000000 2364.000000 1615.000000 2525.000000 1581.000000 
		}
	}
	members={
		1010 1008 1009 1011 1006 1005 1004 1007 1002 1003 1000 999 998 1001 992 991 989 988 987 993 990 994 986 985 984 995 996 997 981 980 983 982 1813 2012 2015 2568 2569 2570 2571 2572 2573 2574 2575 2576 2577 2578 2579 2580 2581 2582 2583 2584 2585 2586 2587 2588 2589 2590 2591 2592 2593 2594 2595 2596 2597 2670 2671 2004 2602 2017 2018 2599 2600 2601 2603 2598 2005 4890 4891 4892 4893 4894 4895 4896 4897 4919 4920 1490 
	}
}
north_sea={
	location=1975
	color={
		117 165 188 
	}
	outgoing={
		name="baltic_sea"
		path={
			17 1 
		}
		control={
			2880.000000 1668.000000 2931.000000 1688.000000 2968.000000 1697.000000 2993.000000 1679.000000 3020.000000 1700.000000 3042.000000 1715.000000 3073.000000 1712.000000 3094.000000 1721.000000 
		}
	}
	outgoing={
		name="english_channel"
		path={
			1279 1270 236 
		}
		control={
			2813.000000 1614.000000 
		}
	}
	outgoing={
		name="lowlands"
		path={
			1975 1269 
		}
		control={
			2845.000000 1653.000000 
		}
	}
	outgoing={
		name="lubeck"
		path={
			1266 1267 1259 1258 45 
		}
		control={
			2882.000000 1665.000000 2955.000000 1690.599976 2983.000000 1670.000000 2979.000000 1645.000000 2974.000000 1637.000000 2979.000000 1627.000000 2976.000000 1618.000000 2974.000000 1612.000000 2981.000000 1606.000000 
		}
	}
	members={
		1975 1266 1280 1281 1282 1929 4153 4146 248 249 251 246 247 4361 4362 253 4364 4365 250 252 369 4110 4363 375 376 4119 373 374 4120 4379 372 4121 4380 4118 4377 4378 10 20 21 1978 1979 370 371 23 24 2752 4145 4375 244 6028 6029 6030 6032 6033 6039 22 315 4144 6031 17 4143 1104 1105 
	}
}
lubeck={
	location=45
	color={
		190 70 70 
	}
	outgoing={
		name="lowlands"
		path={
			1775 4141 1268 1269 
		}
		control={
			2955.000000 1604.500000 2949.000000 1603.000000 2916.000000 1617.000000 
		}
	}
	members={
		12 13 14 15 44 45 46 47 48 53 54 55 1775 1857 1874 1858 1981 1983 1984 2994 2995 2996 4141 4142 4149 4749 4745 4746 4771 4772 4786 6003 6004 6005 6006 6007 
	}
}
bordeaux={
	location=1276
	color={
		36 132 247 
	}
	outgoing={
		name="champagne"
		path={
			1275 172 178 184 185 
		}
		control={
			2756.000000 1449.500000 2785.000000 1452.000000 2805.000000 1459.000000 2832.000000 1470.000000 
		}
	}
	outgoing={
		name="po_valley"
		path={
			174 4112 198 200 201 4696 
		}
		control={
			2798.000000 1410.000000 2830.000000 1406.000000 2879.000000 1391.000000 2897.000000 1372.000000 2951.000000 1407.000000 
		}
	}
	members={
		1276 190 195 199 194 198 4112 180 4111 4386 4387 173 174 175 176 4694 4697 4777 196 200 2753 4391 4695 203 204 4719 205 4696 2991 202 201 
	}
}
sevilla={
	location=1293
	color={
		57 160 101 
	}
	outgoing={
		name="bordeaux"
		path={
			1749 224 219 1746 1745 
		}
		control={
			2713.000000 1260.000000 2717.000000 1280.000000 2742.000000 1305.000000 2750.000000 1326.000000 2750.000000 1366.000000 2767.000000 1383.000000 
		}
	}
	members={
		206 207 208 1746 215 216 231 232 1293 217 218 219 221 222 223 224 225 226 227 228 229 230 367 1745 1747 1748 1749 1851 2754 2755 2751 4150 4546 4547 4548 4551 4552 4553 4554 4555 4556 4558 368 366 4565 4787 4788 4789 209 210 2989 
	}
}
champagne={
	location=183
	color={
		99 33 92 
	}
	outgoing={
		name="lowlands"
		path={
			1743 4769 1865 4383 
		}
		control={
			2847.000000 1502.000000 2846.000000 1523.000000 2872.000000 1541.000000 
		}
	}
	outgoing={
		name="english_channel"
		path={
			4388 167 1271 4371 
		}
		control={
			2826.000000 1487.000000 2822.000000 1505.000000 2808.000000 1522.000000 
		}
	}
	members={
		182 183 185 4388 179 184 4776 181 186 4390 187 188 189 191 192 193 1877 4392 4764 4766 170 171 169 4384 172 4389 178 177 1879 4385 168 167 
	}
}
valencia={
	location=1295
	color={
		87 70 168 
	}
	outgoing={
		name="po_valley"
		path={
			213 1296 1297 
		}
		control={
			2893.000000 1353.500000 2952.000000 1407.000000 
		}
	}
	outgoing={
		name="sevilla"
		path={
			4560 1294 
		}
		control={
			2798.000000 1268.000000 
		}
	}
	outgoing={
		name="bordeaux"
		path={
			213 212 197 4695 196 175 174 
		}
		control={
			2836.000000 1352.000000 2852.000000 1362.000000 2850.000000 1373.000000 2841.000000 1382.000000 2822.000000 1392.000000 2787.000000 1393.000000 
		}
	}
	members={
		1295 197 212 213 2987 2988 220 1750 4549 4550 211 214 2990 4557 333 4559 4560 
	}
}
rome={
	location=118
	color={
		227 134 134 
	}
	members={
		2976 2977 119 118 4732 120 4731 2986 4735 127 1247 121 4733 2985 4734 2983 1933 122 1934 2984 123 124 125 4736 4737 2982 126 
	}
	end=yes
}
po_valley={
	location=109
	color={
		79 171 102 
	}
	outgoing={
		name="rome"
		path={
			115 117 
		}
		control={
			2980.000000 1407.000000 2981.000000 1393.000000 2984.000000 1376.000000 
		}
	}
	outgoing={
		name="wien"
		path={
			108 4759 132 
		}
		control={
			2984.000000 1428.000000 2981.000000 1446.000000 2992.000000 1456.000000 3031.000000 1454.000000 3054.000000 1464.000000 
		}
	}
	outgoing={
		name="champagne"
		path={
			109 1862 4728 2981 103 205 4719 203 4777 179 
		}
		control={
			2954.000000 1423.000000 2943.000000 1420.000000 2931.000000 1415.000000 2919.000000 1427.000000 2910.000000 1427.000000 2900.000000 1429.000000 2891.000000 1437.000000 2878.000000 1435.000000 2868.000000 1432.000000 2862.000000 1442.000000 2851.000000 1448.000000 2845.000000 1463.000000 2850.000000 1474.000000 
		}
	}
	outgoing={
		name="swabia"
		path={
			109 4739 104 4740 166 1870 
		}
		control={
			2959.000000 1429.000000 2949.000000 1432.000000 2944.000000 1442.000000 2942.000000 1452.000000 2947.000000 1462.000000 
		}
	}
	members={
		102 101 1875 4727 103 2981 2992 4728 4739 104 1862 109 4729 107 108 112 1774 111 2979 4740 117 115 2980 2978 116 105 106 4730 114 113 
	}
}
english_channel={
	location=236
	color={
		193 26 14 
	}
	outgoing={
		name="lowlands"
		path={
			238 1269 
		}
		control={
			2822.000000 1549.000000 2855.000000 1568.000000 
		}
	}
	members={
		1269 1269 1270 1271 241 242 4366 4369 245 4367 4368 4785 239 240 4372 243 1860 1861 4370 4376 233 234 4130 4373 4374 235 236 237 238 4371 4375 244 247 246 
	}
}
lowlands={
	location=97
	color={
		220 138 57 
	}
	members={
		89 87 88 1743 94 93 1866 91 4769 90 1865 92 1744 2974 1742 95 4770 99 4381 4382 1931 100 98 96 4383 97 
	}
	end=yes
}
swabia={
	location=4712
	color={
		209 94 127 
	}
	inland=yes
	outgoing={
		name="rheinland"
		path={
			4713 70 77 78 
		}
		control={
			2947.000000 1482.000000 2948.000000 1491.000000 2935.000000 1508.000000 
		}
	}
	outgoing={
		name="champagne"
		path={
			72 1880 193 192 4392 4390 
		}
		control={
			2928.000000 1475.000000 2907.000000 1463.000000 2893.000000 1450.000000 2880.000000 1475.000000 2876.000000 1472.000000 
		}
	}
	members={
		4720 1871 1867 4721 165 166 4722 1873 1870 1869 4710 68 1868 1872 4711 1880 4765 75 4712 4713 70 72 74 4714 4767 1761 77 
	}
}
